Parameter estimation results:
 w1 = 77.9665939333446 
 w2 = 67.57051870740281 
 A = 0.18778406932994593 
 B = 0.0533877507947622 
 C =  0.08532151374905643 
 D = 0.003977130354407637 

 Detuning = -5.7933561095940895 
 Rabi_Freq = 8.632230597642153 
 Wg = 75.66523437517075 

--------------------------
Covariance matrix of the estimate:
[[ 1.51954994e-02  7.06847141e-03  3.97716036e-05 -2.54816869e-04
  -3.00448476e-05  1.77815188e-04]
 [ 7.06847141e-03  5.59243280e-02  2.37322462e-04 -1.44918477e-04
  -5.43414256e-05  1.31520391e-04]
 [ 3.97716036e-05  2.37322462e-04  1.61294706e-04 -6.38654338e-06
  -1.51746348e-06  6.39294646e-07]
 [-2.54816869e-04 -1.44918477e-04 -6.38654338e-06  1.64513201e-04
  -3.76540958e-07 -3.11764147e-06]
 [-3.00448476e-05 -5.43414256e-05 -1.51746348e-06 -3.76540958e-07
   8.05410418e-05 -4.21585376e-07]
 [ 1.77815188e-04  1.31520391e-04  6.39294646e-07 -3.11764147e-06
  -4.21585376e-07  2.82941370e-06]]