Parameter estimation results:
 w1 = 78.0370283704142 
 w2 = 68.68215721895606 
 A = 0.15162246063296292 
 B = 0.08762274089120324 
 C =  0.038980066873694534 
 D = 0.01925513581070636 

 Detuning = -2.5024917034882224 
 Rabi_Freq = 9.013941953127743 
 Wg = 74.61083864642926 

--------------------------
Covariance matrix of the estimate:
[[ 1.80293382e-02  1.32527199e-02  9.83740535e-05 -1.53376095e-04
  -1.41202883e-06  1.95788012e-04]
 [ 1.32527199e-02  2.67840895e-02  1.28610662e-04 -1.34674631e-04
   1.61693380e-05  1.82486041e-04]
 [ 9.83740535e-05  1.28610662e-04  1.37961044e-04  5.44636248e-06
  -1.84153244e-06  1.40623931e-06]
 [-1.53376095e-04 -1.34674631e-04  5.44636248e-06  1.39242847e-04
  -1.65017325e-06 -2.10125956e-06]
 [-1.41202883e-06  1.61693380e-05 -1.84153244e-06 -1.65017325e-06
   6.86450488e-05  1.59177354e-09]
 [ 1.95788012e-04  1.82486041e-04  1.40623931e-06 -2.10125956e-06
   1.59177354e-09  3.02332157e-06]]